sellingPrice <- c(1200, 1500, 2500, 2700, 3000, 2200, 3200, 4000, 2800, 3500, 2400, 1800)
