kor <- c(80, 90, 70, 65, 55, 30, 60, 90, 88,
         100, 76, 30, 55, 61, 89, 68, 78, 70, 88, 82)	# 20명의 국어 성적
eng <- c(70, 95, 88, 75, 55, 42, 66, 89, 95,
         98, 88, 35, 60, 68, 90, 70, 75, 80, 78, 88)	# 20명의 영어 성적
mat <- c(88, 90, 86, 80, 62, 50, 65, 84, 88,
         92, 80, 45, 66, 77, 89, 80, 80, 85, 70, 90)	# 20명의 수학 성적
