score <- c(80, 90, 70, 65, 55, 30, 60, 90, 88, 100, 76, 30, 55, 61, 89, 68, 78, 70, 88, 82)
